0.0
0.0
0.0
0.0
0.0
0.0
0.6099999863654375
0.30999999307096004
0.0
0.0
0.23999999463558197
0.0
0.0
0.0
0.0
0.0
0.20999999530613422
1.2599999718368053
0.0
1.6699999626725912
0.979999978095293
1.4699999671429396
0.7099999841302633
0.8599999807775021
0.7299999836832285
0.909999979659915
1.5199999660253525
1.0199999772012234
1.889999957755208
3.1899999286979437
1.5699999649077654
0.8699999805539846
2.0899999532848597
0.7999999821186066
1.4999999664723873
2.369999947026372
2.4099999461323023
1.9899999555200338
1.5399999655783176
0.7599999830126762
1.4899999666959047
0.4899999890476465
0.11999999731779099
1.7599999606609344
1.459999967366457
1.6099999640136957
1.9499999564141035
0.3999999910593033
1.1599999740719795
1.6799999624490738
0.8399999812245369
3.1399999298155308
2.989999933168292
1.2999999709427357
0.8399999812245369
0.0
2.1899999510496855
0.7299999836832285
2.1899999510496855
2.459999945014715
1.1899999734014273
1.409999968484044
1.81999995931983
2.3299999479204416
2.459999945014715
2.869999935850501
1.219999972730875
0.8599999807775021
1.959999956190586
1.939999956637621
2.349999947473407
2.9299999345093966
1.269999971613288
5.859999869018793
1.7899999599903822
2.0499999541789293
2.7599999383091927
1.2999999709427357
0.9399999789893627
1.2399999722838402
1.6899999622255564
2.3599999472498894
2.989999933168292
1.2799999713897705
2.1599999517202377
3.179999928921461
3.449999922886491
3.8399999141693115
2.9299999345093966
2.2799999490380287
1.3499999698251486
1.9699999559670687
4.369999902322888
2.9799999333918095
3.2399999275803566
3.3299999255687
2.0699999537318945
1.9899999555200338
2.2799999490380287
6.3999998569488525
3.159999929368496
4.419999901205301
3.249999927356839
4.889999890699983
4.139999907463789
2.2599999494850636
5.369999879971147
2.939999934285879
3.7499999161809683
5.489999877288938
4.089999908581376
7.259999837726355
5.699999872595072
8.219999816268682
7.889999823644757
6.319999858736992
5.129999885335565
6.319999858736992
5.719999872148037
4.659999895840883
4.469999900087714
3.0299999322742224
4.699999894946814
6.03999986499548
6.269999859854579
4.83999989181757
5.239999882876873
5.029999887570739
4.679999895393848
4.29999990388751
5.1799998842179775
5.899999868124723
2.5199999436736107
3.399999924004078
5.309999881312251
7.469999833032489
3.419999923557043
7.35999983549118
4.889999890699983
4.169999906793237
4.229999905452132
11.959999732673168
9.67999978363514
13.099999707192183
6.559999853372574
8.849999802187085
7.479999832808971
8.359999813139439
6.07999986410141
6.569999853149056
4.7499998938292265
5.409999879077077
7.999999821186066
8.899999801069498
6.4499998558312654
7.829999824985862
5.079999886453152
14.579999674111605
10.659999761730433
8.089999819174409
5.049999887123704
6.619999852031469
13.279999703168869
9.499999787658453
12.709999715909362
17.77999960258603
10.769999759271741
8.689999805763364
8.699999805539846
6.3999998569488525
10.829999757930636
9.829999780282378
10.829999757930636
6.539999853819609
11.61999974027276
6.549999853596091
10.859999757260084
15.379999656230211
10.019999776035547
5.899999868124723
12.399999722838402
14.579999674111605
8.959999799728394
12.519999720156193
10.95999975502491
12.829999713227153
14.069999685510993
13.029999708756804
13.599999696016312
13.649999694898725
6.499999854713678
10.29999976977706
17.879999600350857
9.469999788329005
7.199999839067459
23.599999472498894
10.449999766424298
14.749999670311809
9.379999790340662
11.649999739602208
12.38999972306192
9.999999776482582
16.429999632760882
10.679999761283398
15.409999655559659
8.809999803081155
20.56999954022467
18.349999589845538
23.58999947272241
4.289999904111028
12.399999722838402
18.449999587610364
13.059999708086252
21.619999516755342
17.709999604150653
21.849999511614442
13.379999700933695
13.78999969176948
16.629999628290534
13.389999700710177
14.579999674111605
8.90999980084598
21.659999515861273
19.489999564364552
15.959999643266201
16.479999631643295
10.389999767765403
17.14999961666763
15.889999644830823
10.349999768659472
24.04999946244061
25.649999426677823
22.759999491274357
22.73999949172139
18.27999959141016
25.05999943986535
24.679999448359013
26.33999941125512
26.469999408349395
21.41999952122569
21.64999951608479
25.98999941907823
24.70999944768846
27.319999389350414
24.58999945037067
27.049999395385385
22.979999486356974
24.179999459534883
30.139999326318502
23.069999484345317
19.219999570399523
25.589999428018928
32.01999928429723
22.18999950401485
28.589999360963702
26.389999410137534
23.639999471604824
16.789999624714255
24.35999945551157
29.42999934218824
28.879999354481697
28.299999367445707
17.84999960102141
26.709999402984977
25.86999942176044
28.38999936543405
29.54999933950603
31.069999305531383
27.45999938622117
28.959999352693558
28.489999363198876
30.079999327659607
25.619999427348375
26.039999417960644
30.109999326989055
26.049999417737126
29.08999934978783
20.159999549388885
29.609999338164926
18.649999583140016
24.539999451488256
23.129999483004212
19.27999956905842
28.80999935604632
30.08999932743609
38.02999914996326
23.369999477639794
26.149999415501952
27.199999392032623
25.319999434053898
27.099999394267797
29.829999333247542
30.449999319389462
28.859999354928732
30.679999314248562
29.729999335482717
21.849999511614442
31.269999301061034
30.369999321177602
28.209999369457364
29.42999934218824
24.989999441429973
33.789999244734645
30.769999312236905
32.119999282062054
29.529999339953065
33.359999254345894
32.91999926418066
32.01999928429723
26.549999406561255
28.96999935247004
29.809999333694577
27.929999375715852
18.209999592974782
34.179999236017466
24.23999945819378
17.49999960884452
26.039999417960644
34.869999220594764
33.99999924004078
31.659999292343855
30.28999932296574
24.51999945193529
31.539999295026064
33.15999925881624
29.69999933615327
32.02999928407371
28.789999356493354
33.27999925613403
25.78999942354858
33.31999925523996
26.889999398961663
23.42999947629869
27.22999939136207
31.929999286308885
22.209999503567815
27.139999393373728
29.259999345988035
34.219999235123396
21.979999508708715
30.199999324977398
31.959999285638332
22.519999496638775
9.759999781847
28.709999358281493
27.509999385103583
24.219999458640814
29.34999934397638
33.22999925725162
23.569999473169446
30.35999932140112
26.32999941147864
32.279999278485775
28.789999356493354
31.319999299943447
29.97999932989478
30.109999326989055
29.609999338164926
33.5299992505461
24.66999944858253
28.76999935694039
25.119999438524246
30.39999932050705
30.54999931715429
31.669999292120337
23.399999476969242
33.22999925725162
36.419999185949564
31.379999298602343
32.98999926261604
28.649999359622598
27.14999939315021
32.47999927401543
34.82999922148883
33.329999255016446
39.409999119117856
25.7199994251132
36.3399991877377
35.04999921657145
25.149999437853694
38.28999914415181
35.08999921567738
37.66999915800989
36.999999172985554
18.219999592751265
16.949999621137977
19.689999559894204
18.769999580457807
28.409999364987016
33.789999244734645
20.109999550506473
17.259999614208937
28.719999358057976
33.13999925926328
36.149999191984534
28.939999353140593
27.119999393820763
27.76999937929213
27.509999385103583
29.0499993506819
24.20999945886433
23.729999469593167
22.6199994944036
31.919999286532402
25.469999430701137
31.78999928943813
23.58999947272241
27.159999392926693
28.209999369457364
26.479999408125877
26.79999940097332
25.189999436959624
27.019999396055937
27.909999376162887
27.139999393373728
26.249999413266778
26.459999408572912
23.35999947786331
32.06999928317964
28.589999360963702
29.029999351128936
29.069999350234866
30.04999932833016
29.74999933503568
31.939999286085367
33.869999242946506
31.619999293237925
32.979999262839556
32.24999927915633
22.18999950401485
33.22999925725162
27.56999938376248
26.05999941751361
30.499999318271875
34.059999238699675
26.039999417960644
36.93999917432666
31.629999293014407
33.38999925367534
33.9299992416054
26.36999941058457
38.479999139904976
30.66999931447208
29.769999334588647
35.27999921143055
28.76999935694039
27.679999381303787
34.50999922864139
33.059999261051416
33.56999924965203
29.559999339282513
31.539999295026064
34.69999922439456
33.31999925523996
37.239999167621136
25.069999439641833
28.15999937057495
34.329999232664704
31.98999928496778
37.78999915532768
32.61999927088618
34.8499992210418
33.599999248981476
29.559999339282513
34.759999223053455
34.64999922551215
39.54999911598861
35.9399991966784
37.37999916449189
39.11999912559986
31.309999300166965
37.98999915085733
30.01999932900071
30.93999930843711
33.27999925613403
36.17999919131398
17.599999606609344
32.33999927714467
39.4999991171062
35.109999215230346
35.22999921254814
31.009999306872487
33.289999255910516
36.70999917946756
32.56999927200377
36.079999193549156
31.36999929882586
34.57999922707677
36.379999186843634
34.30999923311174
33.9299992416054
33.2399992570281
32.629999270662665
34.14999923668802
34.46999922953546
31.539999295026064
35.71999920159578
34.449999229982495
30.199999324977398
36.969999173656106
